MULTIPLICATION A*B
25.932693 25.932693 25.932693 25.932693 25.932693 25.932693 25.932693 25.932693 25.932693 25.932693 
25.941393 25.941393 25.941393 25.941393 25.941393 25.941393 25.941393 25.941393 25.941393 25.941393 
23.916924 23.916924 23.916924 23.916924 23.916924 23.916924 23.916924 23.916924 23.916924 23.916924 
23.864346 23.864346 23.864346 23.864346 23.864346 23.864346 23.864346 23.864346 23.864346 23.864346 
26.505671 26.505671 26.505671 26.505671 26.505671 26.505671 26.505671 26.505671 26.505671 26.505671 
23.578575 23.578575 23.578575 23.578575 23.578575 23.578575 23.578575 23.578575 23.578575 23.578575 
26.829990 26.829990 26.829990 26.829990 26.829990 26.829990 26.829990 26.829990 26.829990 26.829990 
23.149075 23.149075 23.149075 23.149075 23.149075 23.149075 23.149075 23.149075 23.149075 23.149075 
21.744839 21.744839 21.744839 21.744839 21.744839 21.744839 21.744839 21.744839 21.744839 21.744839 
22.710943 22.710943 22.710943 22.710943 22.710943 22.710943 22.710943 22.710943 22.710943 22.710943 





MULTIPLICATION B*A
22.644758 29.783054 24.718256 23.491161 21.486555 22.597614 26.001635 23.668694 24.271730 20.612608 
22.644758 29.783054 24.718256 23.491161 21.486555 22.597614 26.001635 23.668694 24.271730 20.612608 
22.644758 29.783054 24.718256 23.491161 21.486555 22.597614 26.001635 23.668694 24.271730 20.612608 
22.644758 29.783054 24.718256 23.491161 21.486555 22.597614 26.001635 23.668694 24.271730 20.612608 
22.644758 29.783054 24.718256 23.491161 21.486555 22.597614 26.001635 23.668694 24.271730 20.612608 
22.644758 29.783054 24.718256 23.491161 21.486555 22.597614 26.001635 23.668694 24.271730 20.612608 
22.644758 29.783054 24.718256 23.491161 21.486555 22.597614 26.001635 23.668694 24.271730 20.612608 
22.644758 29.783054 24.718256 23.491161 21.486555 22.597614 26.001635 23.668694 24.271730 20.612608 
22.644758 29.783054 24.718256 23.491161 21.486555 22.597614 26.001635 23.668694 24.271730 20.612608 
22.644758 29.783054 24.718256 23.491161 21.486555 22.597614 26.001635 23.668694 24.271730 20.612608 





